0.000000 0.302230 0.104460 0.041711 0.019048 0.009659 0.005200 0.002768 0.001214 0.000000 0.302230 0.001214 0.104460 0.002089 0.041711 0.002486 0.019048 0.002455 0.009659 0.002135 0.005200 0.001657 0.002768 0.001115 0.001214 0.000558 0.000000 0.001214 0.002089 0.002486 0.002455 0.002135 0.001657 0.001115 0.000558 0.000000 

0.000000 0.104460 0.343942 0.123508 0.051370 0.024248 0.012427 0.006414 0.002768 0.000000 0.104460 0.002768 0.073899 0.004657 0.043338 0.005398 0.024820 0.005201 0.014388 0.004426 0.008374 0.003378 0.004657 0.002247 0.002089 0.001115 0.000000 0.002089 0.003700 0.004545 0.004620 0.004112 0.003250 0.002215 0.001115 0.000000 

0.000000 0.041711 0.123508 0.353601 0.128708 0.054138 0.025462 0.012427 0.005200 0.000000 0.041711 0.005200 0.043338 0.008374 0.032922 0.009249 0.022506 0.008524 0.014700 0.006989 0.009249 0.005184 0.005398 0.003378 0.002486 0.001657 0.000000 0.002486 0.004545 0.005835 0.006202 0.005736 0.004670 0.003250 0.001657 0.000000 

0.000000 0.019048 0.051370 0.128708 0.356368 0.129922 0.054138 0.024248 0.009659 0.000000 0.019048 0.009659 0.024820 0.014388 0.022506 0.014700 0.017582 0.012657 0.012657 0.009823 0.008524 0.006989 0.005201 0.004426 0.002455 0.002135 0.000000 0.002455 0.004620 0.006202 0.006950 0.006759 0.005736 0.004112 0.002135 0.000000 

0.000000 0.009659 0.024248 0.054138 0.129922 0.356368 0.128708 0.051370 0.019048 0.000000 0.009659 0.019048 0.014388 0.024820 0.014700 0.022506 0.012657 0.017582 0.009823 0.012657 0.006989 0.008524 0.004426 0.005201 0.002135 0.002455 0.000000 0.002135 0.004112 0.005736 0.006759 0.006950 0.006202 0.004620 0.002455 0.000000 

0.000000 0.005200 0.012427 0.025462 0.054138 0.128708 0.353601 0.123508 0.041711 0.000000 0.005200 0.041711 0.008374 0.043338 0.009249 0.032922 0.008524 0.022506 0.006989 0.014700 0.005184 0.009249 0.003378 0.005398 0.001657 0.002486 0.000000 0.001657 0.003250 0.004670 0.005736 0.006202 0.005835 0.004545 0.002486 0.000000 

0.000000 0.002768 0.006414 0.012427 0.024248 0.051370 0.123508 0.343942 0.104460 0.000000 0.002768 0.104460 0.004657 0.073899 0.005398 0.043338 0.005201 0.024820 0.004426 0.014388 0.003378 0.008374 0.002247 0.004657 0.001115 0.002089 0.000000 0.001115 0.002215 0.003250 0.004112 0.004620 0.004545 0.003700 0.002089 0.000000 

0.000000 0.001214 0.002768 0.005200 0.009659 0.019048 0.041711 0.104460 0.302230 0.000000 0.001214 0.302230 0.002089 0.104460 0.002486 0.041711 0.002455 0.019048 0.002135 0.009659 0.001657 0.005200 0.001115 0.002768 0.000558 0.001214 0.000000 0.000558 0.001115 0.001657 0.002135 0.002455 0.002486 0.002089 0.001214 0.000000 

0.000000 0.104460 0.073899 0.043338 0.024820 0.014388 0.008374 0.004657 0.002089 0.000000 0.104460 0.002089 0.343942 0.003700 0.123508 0.004545 0.051370 0.004620 0.024248 0.004112 0.012427 0.003250 0.006414 0.002215 0.002768 0.001115 0.000000 0.002768 0.004657 0.005398 0.005201 0.004426 0.003378 0.002247 0.001115 0.000000 

0.000000 0.073899 0.147798 0.098719 0.057726 0.033194 0.019045 0.010463 0.004657 0.000000 0.073899 0.004657 0.147798 0.008166 0.098719 0.009858 0.057726 0.009824 0.033194 0.008579 0.019045 0.006673 0.010463 0.004494 0.004657 0.002247 0.000000 0.004657 0.008166 0.009858 0.009824 0.008579 0.006673 0.004494 0.002247 0.000000 

0.000000 0.043338 0.098719 0.162187 0.107093 0.062384 0.035283 0.019045 0.008374 0.000000 0.043338 0.008374 0.074634 0.014449 0.065844 0.016898 0.047622 0.016238 0.031755 0.013708 0.020098 0.010368 0.011735 0.006841 0.005398 0.003378 0.000000 0.005398 0.009858 0.012592 0.013236 0.012071 0.009695 0.006673 0.003378 0.000000 

0.000000 0.024820 0.057726 0.107093 0.166844 0.109182 0.062384 0.033194 0.014388 0.000000 0.024820 0.014388 0.041554 0.024359 0.042402 0.027045 0.035163 0.024523 0.026106 0.019646 0.017858 0.014249 0.010979 0.009124 0.005201 0.004426 0.000000 0.005201 0.009824 0.013236 0.014839 0.014352 0.012071 0.008579 0.004426 0.000000 

0.000000 0.014388 0.033194 0.062384 0.109182 0.166844 0.107093 0.057726 0.024820 0.000000 0.014388 0.024820 0.024359 0.041554 0.027045 0.042402 0.024523 0.035163 0.019646 0.026106 0.014249 0.017858 0.009124 0.010979 0.004426 0.005201 0.000000 0.004426 0.008579 0.012071 0.014352 0.014839 0.013236 0.009824 0.005201 0.000000 

0.000000 0.008374 0.019045 0.035283 0.062384 0.107093 0.162187 0.098719 0.043338 0.000000 0.008374 0.043338 0.014449 0.074634 0.016898 0.065844 0.016238 0.047622 0.013708 0.031755 0.010368 0.020098 0.006841 0.011735 0.003378 0.005398 0.000000 0.003378 0.006673 0.009695 0.012071 0.013236 0.012592 0.009858 0.005398 0.000000 

0.000000 0.004657 0.010463 0.019045 0.033194 0.057726 0.098719 0.147798 0.073899 0.000000 0.004657 0.073899 0.008166 0.147798 0.009858 0.098719 0.009824 0.057726 0.008579 0.033194 0.006673 0.019045 0.004494 0.010463 0.002247 0.004657 0.000000 0.002247 0.004494 0.006673 0.008579 0.009824 0.009858 0.008166 0.004657 0.000000 

0.000000 0.002089 0.004657 0.008374 0.014388 0.024820 0.043338 0.073899 0.104460 0.000000 0.002089 0.104460 0.003700 0.343942 0.004545 0.123508 0.004620 0.051370 0.004112 0.024248 0.003250 0.012427 0.002215 0.006414 0.001115 0.002768 0.000000 0.001115 0.002247 0.003378 0.004426 0.005201 0.005398 0.004657 0.002768 0.000000 

0.000000 0.041711 0.043338 0.032922 0.022506 0.014700 0.009249 0.005398 0.002486 0.000000 0.041711 0.002486 0.123508 0.004545 0.353601 0.005835 0.128708 0.006202 0.054138 0.005736 0.025462 0.004670 0.012427 0.003250 0.005200 0.001657 0.000000 0.005200 0.008374 0.009249 0.008524 0.006989 0.005184 0.003378 0.001657 0.000000 

0.000000 0.043338 0.074634 0.065844 0.047622 0.031755 0.020098 0.011735 0.005398 0.000000 0.043338 0.005398 0.098719 0.009858 0.162187 0.012592 0.107093 0.013236 0.062384 0.012071 0.035283 0.009695 0.019045 0.006673 0.008374 0.003378 0.000000 0.008374 0.014449 0.016898 0.016238 0.013708 0.010368 0.006841 0.003378 0.000000 

0.000000 0.032922 0.065844 0.089334 0.075093 0.053020 0.034241 0.020098 0.009249 0.000000 0.032922 0.009249 0.065844 0.016898 0.089334 0.021438 0.075093 0.022081 0.053020 0.019617 0.034241 0.015365 0.020098 0.010368 0.009249 0.005184 0.000000 0.009249 0.016898 0.021438 0.022081 0.019617 0.015365 0.010368 0.005184 0.000000 

0.000000 0.022506 0.047622 0.075093 0.094732 0.077579 0.053020 0.031755 0.014700 0.000000 0.022506 0.014700 0.042402 0.027045 0.054211 0.034182 0.050926 0.034035 0.040364 0.028949 0.028561 0.021781 0.017858 0.014249 0.008524 0.006989 0.000000 0.008524 0.016238 0.022081 0.024817 0.023739 0.019617 0.013708 0.006989 0.000000 

0.000000 0.014700 0.031755 0.053020 0.077579 0.094732 0.075093 0.047622 0.022506 0.000000 0.014700 0.022506 0.027045 0.042402 0.034182 0.054211 0.034035 0.050926 0.028949 0.040364 0.021781 0.028561 0.014249 0.017858 0.006989 0.008524 0.000000 0.006989 0.013708 0.019617 0.023739 0.024817 0.022081 0.016238 0.008524 0.000000 

0.000000 0.009249 0.020098 0.034241 0.053020 0.075093 0.089334 0.065844 0.032922 0.000000 0.009249 0.032922 0.016898 0.065844 0.021438 0.089334 0.022081 0.075093 0.019617 0.053020 0.015365 0.034241 0.010368 0.020098 0.005184 0.009249 0.000000 0.005184 0.010368 0.015365 0.019617 0.022081 0.021438 0.016898 0.009249 0.000000 

0.000000 0.005398 0.011735 0.020098 0.031755 0.047622 0.065844 0.074634 0.043338 0.000000 0.005398 0.043338 0.009858 0.098719 0.012592 0.162187 0.013236 0.107093 0.012071 0.062384 0.009695 0.035283 0.006673 0.019045 0.003378 0.008374 0.000000 0.003378 0.006841 0.010368 0.013708 0.016238 0.016898 0.014449 0.008374 0.000000 

0.000000 0.002486 0.005398 0.009249 0.014700 0.022506 0.032922 0.043338 0.041711 0.000000 0.002486 0.041711 0.004545 0.123508 0.005835 0.353601 0.006202 0.128708 0.005736 0.054138 0.004670 0.025462 0.003250 0.012427 0.001657 0.005200 0.000000 0.001657 0.003378 0.005184 0.006989 0.008524 0.009249 0.008374 0.005200 0.000000 

0.000000 0.019048 0.024820 0.022506 0.017582 0.012657 0.008524 0.005201 0.002455 0.000000 0.019048 0.002455 0.051370 0.004620 0.128708 0.006202 0.356368 0.006950 0.129922 0.006759 0.054138 0.005736 0.024248 0.004112 0.009659 0.002135 0.000000 0.009659 0.014388 0.014700 0.012657 0.009823 0.006989 0.004426 0.002135 0.000000 

0.000000 0.024820 0.041554 0.042402 0.035163 0.026106 0.017858 0.010979 0.005201 0.000000 0.024820 0.005201 0.057726 0.009824 0.107093 0.013236 0.166844 0.014839 0.109182 0.014352 0.062384 0.012071 0.033194 0.008579 0.014388 0.004426 0.000000 0.014388 0.024359 0.027045 0.024523 0.019646 0.014249 0.009124 0.004426 0.000000 

0.000000 0.022506 0.042402 0.054211 0.050926 0.040364 0.028561 0.017858 0.008524 0.000000 0.022506 0.008524 0.047622 0.016238 0.075093 0.022081 0.094732 0.024817 0.077579 0.023739 0.053020 0.019617 0.031755 0.013708 0.014700 0.006989 0.000000 0.014700 0.027045 0.034182 0.034035 0.028949 0.021781 0.014249 0.006989 0.000000 

0.000000 0.017582 0.035163 0.050926 0.059412 0.053381 0.040364 0.026106 0.012657 0.000000 0.017582 0.012657 0.035163 0.024523 0.050926 0.034035 0.059412 0.038608 0.053381 0.036169 0.040364 0.028949 0.026106 0.019646 0.012657 0.009823 0.000000 0.012657 0.024523 0.034035 0.038608 0.036169 0.028949 0.019646 0.009823 0.000000 

0.000000 0.012657 0.026106 0.040364 0.053381 0.059412 0.050926 0.035163 0.017582 0.000000 0.012657 0.017582 0.024523 0.035163 0.034035 0.050926 0.038608 0.059412 0.036169 0.053381 0.028949 0.040364 0.019646 0.026106 0.009823 0.012657 0.000000 0.009823 0.019646 0.028949 0.036169 0.038608 0.034035 0.024523 0.012657 0.000000 

0.000000 0.008524 0.017858 0.028561 0.040364 0.050926 0.054211 0.042402 0.022506 0.000000 0.008524 0.022506 0.016238 0.047622 0.022081 0.075093 0.024817 0.094732 0.023739 0.077579 0.019617 0.053020 0.013708 0.031755 0.006989 0.014700 0.000000 0.006989 0.014249 0.021781 0.028949 0.034035 0.034182 0.027045 0.014700 0.000000 

0.000000 0.005201 0.010979 0.017858 0.026106 0.035163 0.042402 0.041554 0.024820 0.000000 0.005201 0.024820 0.009824 0.057726 0.013236 0.107093 0.014839 0.166844 0.014352 0.109182 0.012071 0.062384 0.008579 0.033194 0.004426 0.014388 0.000000 0.004426 0.009124 0.014249 0.019646 0.024523 0.027045 0.024359 0.014388 0.000000 

0.000000 0.002455 0.005201 0.008524 0.012657 0.017582 0.022506 0.024820 0.019048 0.000000 0.002455 0.019048 0.004620 0.051370 0.006202 0.128708 0.006950 0.356368 0.006759 0.129922 0.005736 0.054138 0.004112 0.024248 0.002135 0.009659 0.000000 0.002135 0.004426 0.006989 0.009823 0.012657 0.014700 0.014388 0.009659 0.000000 

0.000000 0.009659 0.014388 0.014700 0.012657 0.009823 0.006989 0.004426 0.002135 0.000000 0.009659 0.002135 0.024248 0.004112 0.054138 0.005736 0.129922 0.006759 0.356368 0.006950 0.128708 0.006202 0.051370 0.004620 0.019048 0.002455 0.000000 0.019048 0.024820 0.022506 0.017582 0.012657 0.008524 0.005201 0.002455 0.000000 

0.000000 0.014388 0.024359 0.027045 0.024523 0.019646 0.014249 0.009124 0.004426 0.000000 0.014388 0.004426 0.033194 0.008579 0.062384 0.012071 0.109182 0.014352 0.166844 0.014839 0.107093 0.013236 0.057726 0.009824 0.024820 0.005201 0.000000 0.024820 0.041554 0.042402 0.035163 0.026106 0.017858 0.010979 0.005201 0.000000 

0.000000 0.014700 0.027045 0.034182 0.034035 0.028949 0.021781 0.014249 0.006989 0.000000 0.014700 0.006989 0.031755 0.013708 0.053020 0.019617 0.077579 0.023739 0.094732 0.024817 0.075093 0.022081 0.047622 0.016238 0.022506 0.008524 0.000000 0.022506 0.042402 0.054211 0.050926 0.040364 0.028561 0.017858 0.008524 0.000000 

0.000000 0.012657 0.024523 0.034035 0.038608 0.036169 0.028949 0.019646 0.009823 0.000000 0.012657 0.009823 0.026106 0.019646 0.040364 0.028949 0.053381 0.036169 0.059412 0.038608 0.050926 0.034035 0.035163 0.024523 0.017582 0.012657 0.000000 0.017582 0.035163 0.050926 0.059412 0.053381 0.040364 0.026106 0.012657 0.000000 

0.000000 0.009823 0.019646 0.028949 0.036169 0.038608 0.034035 0.024523 0.012657 0.000000 0.009823 0.012657 0.019646 0.026106 0.028949 0.040364 0.036169 0.053381 0.038608 0.059412 0.034035 0.050926 0.024523 0.035163 0.012657 0.017582 0.000000 0.012657 0.026106 0.040364 0.053381 0.059412 0.050926 0.035163 0.017582 0.000000 

0.000000 0.006989 0.014249 0.021781 0.028949 0.034035 0.034182 0.027045 0.014700 0.000000 0.006989 0.014700 0.013708 0.031755 0.019617 0.053020 0.023739 0.077579 0.024817 0.094732 0.022081 0.075093 0.016238 0.047622 0.008524 0.022506 0.000000 0.008524 0.017858 0.028561 0.040364 0.050926 0.054211 0.042402 0.022506 0.000000 

0.000000 0.004426 0.009124 0.014249 0.019646 0.024523 0.027045 0.024359 0.014388 0.000000 0.004426 0.014388 0.008579 0.033194 0.012071 0.062384 0.014352 0.109182 0.014839 0.166844 0.013236 0.107093 0.009824 0.057726 0.005201 0.024820 0.000000 0.005201 0.010979 0.017858 0.026106 0.035163 0.042402 0.041554 0.024820 0.000000 

0.000000 0.002135 0.004426 0.006989 0.009823 0.012657 0.014700 0.014388 0.009659 0.000000 0.002135 0.009659 0.004112 0.024248 0.005736 0.054138 0.006759 0.129922 0.006950 0.356368 0.006202 0.128708 0.004620 0.051370 0.002455 0.019048 0.000000 0.002455 0.005201 0.008524 0.012657 0.017582 0.022506 0.024820 0.019048 0.000000 

0.000000 0.005200 0.008374 0.009249 0.008524 0.006989 0.005184 0.003378 0.001657 0.000000 0.005200 0.001657 0.012427 0.003250 0.025462 0.004670 0.054138 0.005736 0.128708 0.006202 0.353601 0.005835 0.123508 0.004545 0.041711 0.002486 0.000000 0.041711 0.043338 0.032922 0.022506 0.014700 0.009249 0.005398 0.002486 0.000000 

0.000000 0.008374 0.014449 0.016898 0.016238 0.013708 0.010368 0.006841 0.003378 0.000000 0.008374 0.003378 0.019045 0.006673 0.035283 0.009695 0.062384 0.012071 0.107093 0.013236 0.162187 0.012592 0.098719 0.009858 0.043338 0.005398 0.000000 0.043338 0.074634 0.065844 0.047622 0.031755 0.020098 0.011735 0.005398 0.000000 

0.000000 0.009249 0.016898 0.021438 0.022081 0.019617 0.015365 0.010368 0.005184 0.000000 0.009249 0.005184 0.020098 0.010368 0.034241 0.015365 0.053020 0.019617 0.075093 0.022081 0.089334 0.021438 0.065844 0.016898 0.032922 0.009249 0.000000 0.032922 0.065844 0.089334 0.075093 0.053020 0.034241 0.020098 0.009249 0.000000 

0.000000 0.008524 0.016238 0.022081 0.024817 0.023739 0.019617 0.013708 0.006989 0.000000 0.008524 0.006989 0.017858 0.014249 0.028561 0.021781 0.040364 0.028949 0.050926 0.034035 0.054211 0.034182 0.042402 0.027045 0.022506 0.014700 0.000000 0.022506 0.047622 0.075093 0.094732 0.077579 0.053020 0.031755 0.014700 0.000000 

0.000000 0.006989 0.013708 0.019617 0.023739 0.024817 0.022081 0.016238 0.008524 0.000000 0.006989 0.008524 0.014249 0.017858 0.021781 0.028561 0.028949 0.040364 0.034035 0.050926 0.034182 0.054211 0.027045 0.042402 0.014700 0.022506 0.000000 0.014700 0.031755 0.053020 0.077579 0.094732 0.075093 0.047622 0.022506 0.000000 

0.000000 0.005184 0.010368 0.015365 0.019617 0.022081 0.021438 0.016898 0.009249 0.000000 0.005184 0.009249 0.010368 0.020098 0.015365 0.034241 0.019617 0.053020 0.022081 0.075093 0.021438 0.089334 0.016898 0.065844 0.009249 0.032922 0.000000 0.009249 0.020098 0.034241 0.053020 0.075093 0.089334 0.065844 0.032922 0.000000 

0.000000 0.003378 0.006841 0.010368 0.013708 0.016238 0.016898 0.014449 0.008374 0.000000 0.003378 0.008374 0.006673 0.019045 0.009695 0.035283 0.012071 0.062384 0.013236 0.107093 0.012592 0.162187 0.009858 0.098719 0.005398 0.043338 0.000000 0.005398 0.011735 0.020098 0.031755 0.047622 0.065844 0.074634 0.043338 0.000000 

0.000000 0.001657 0.003378 0.005184 0.006989 0.008524 0.009249 0.008374 0.005200 0.000000 0.001657 0.005200 0.003250 0.012427 0.004670 0.025462 0.005736 0.054138 0.006202 0.128708 0.005835 0.353601 0.004545 0.123508 0.002486 0.041711 0.000000 0.002486 0.005398 0.009249 0.014700 0.022506 0.032922 0.043338 0.041711 0.000000 

0.000000 0.002768 0.004657 0.005398 0.005201 0.004426 0.003378 0.002247 0.001115 0.000000 0.002768 0.001115 0.006414 0.002215 0.012427 0.003250 0.024248 0.004112 0.051370 0.004620 0.123508 0.004545 0.343942 0.003700 0.104460 0.002089 0.000000 0.104460 0.073899 0.043338 0.024820 0.014388 0.008374 0.004657 0.002089 0.000000 

0.000000 0.004657 0.008166 0.009858 0.009824 0.008579 0.006673 0.004494 0.002247 0.000000 0.004657 0.002247 0.010463 0.004494 0.019045 0.006673 0.033194 0.008579 0.057726 0.009824 0.098719 0.009858 0.147798 0.008166 0.073899 0.004657 0.000000 0.073899 0.147798 0.098719 0.057726 0.033194 0.019045 0.010463 0.004657 0.000000 

0.000000 0.005398 0.009858 0.012592 0.013236 0.012071 0.009695 0.006673 0.003378 0.000000 0.005398 0.003378 0.011735 0.006841 0.020098 0.010368 0.031755 0.013708 0.047622 0.016238 0.065844 0.016898 0.074634 0.014449 0.043338 0.008374 0.000000 0.043338 0.098719 0.162187 0.107093 0.062384 0.035283 0.019045 0.008374 0.000000 

0.000000 0.005201 0.009824 0.013236 0.014839 0.014352 0.012071 0.008579 0.004426 0.000000 0.005201 0.004426 0.010979 0.009124 0.017858 0.014249 0.026106 0.019646 0.035163 0.024523 0.042402 0.027045 0.041554 0.024359 0.024820 0.014388 0.000000 0.024820 0.057726 0.107093 0.166844 0.109182 0.062384 0.033194 0.014388 0.000000 

0.000000 0.004426 0.008579 0.012071 0.014352 0.014839 0.013236 0.009824 0.005201 0.000000 0.004426 0.005201 0.009124 0.010979 0.014249 0.017858 0.019646 0.026106 0.024523 0.035163 0.027045 0.042402 0.024359 0.041554 0.014388 0.024820 0.000000 0.014388 0.033194 0.062384 0.109182 0.166844 0.107093 0.057726 0.024820 0.000000 

0.000000 0.003378 0.006673 0.009695 0.012071 0.013236 0.012592 0.009858 0.005398 0.000000 0.003378 0.005398 0.006841 0.011735 0.010368 0.020098 0.013708 0.031755 0.016238 0.047622 0.016898 0.065844 0.014449 0.074634 0.008374 0.043338 0.000000 0.008374 0.019045 0.035283 0.062384 0.107093 0.162187 0.098719 0.043338 0.000000 

0.000000 0.002247 0.004494 0.006673 0.008579 0.009824 0.009858 0.008166 0.004657 0.000000 0.002247 0.004657 0.004494 0.010463 0.006673 0.019045 0.008579 0.033194 0.009824 0.057726 0.009858 0.098719 0.008166 0.147798 0.004657 0.073899 0.000000 0.004657 0.010463 0.019045 0.033194 0.057726 0.098719 0.147798 0.073899 0.000000 

0.000000 0.001115 0.002247 0.003378 0.004426 0.005201 0.005398 0.004657 0.002768 0.000000 0.001115 0.002768 0.002215 0.006414 0.003250 0.012427 0.004112 0.024248 0.004620 0.051370 0.004545 0.123508 0.003700 0.343942 0.002089 0.104460 0.000000 0.002089 0.004657 0.008374 0.014388 0.024820 0.043338 0.073899 0.104460 0.000000 

0.000000 0.001214 0.002089 0.002486 0.002455 0.002135 0.001657 0.001115 0.000558 0.000000 0.001214 0.000558 0.002768 0.001115 0.005200 0.001657 0.009659 0.002135 0.019048 0.002455 0.041711 0.002486 0.104460 0.002089 0.302230 0.001214 0.000000 0.302230 0.104460 0.041711 0.019048 0.009659 0.005200 0.002768 0.001214 0.000000 

0.000000 0.002089 0.003700 0.004545 0.004620 0.004112 0.003250 0.002215 0.001115 0.000000 0.002089 0.001115 0.004657 0.002247 0.008374 0.003378 0.014388 0.004426 0.024820 0.005201 0.043338 0.005398 0.073899 0.004657 0.104460 0.002768 0.000000 0.104460 0.343942 0.123508 0.051370 0.024248 0.012427 0.006414 0.002768 0.000000 

0.000000 0.002486 0.004545 0.005835 0.006202 0.005736 0.004670 0.003250 0.001657 0.000000 0.002486 0.001657 0.005398 0.003378 0.009249 0.005184 0.014700 0.006989 0.022506 0.008524 0.032922 0.009249 0.043338 0.008374 0.041711 0.005200 0.000000 0.041711 0.123508 0.353601 0.128708 0.054138 0.025462 0.012427 0.005200 0.000000 

0.000000 0.002455 0.004620 0.006202 0.006950 0.006759 0.005736 0.004112 0.002135 0.000000 0.002455 0.002135 0.005201 0.004426 0.008524 0.006989 0.012657 0.009823 0.017582 0.012657 0.022506 0.014700 0.024820 0.014388 0.019048 0.009659 0.000000 0.019048 0.051370 0.128708 0.356368 0.129922 0.054138 0.024248 0.009659 0.000000 

0.000000 0.002135 0.004112 0.005736 0.006759 0.006950 0.006202 0.004620 0.002455 0.000000 0.002135 0.002455 0.004426 0.005201 0.006989 0.008524 0.009823 0.012657 0.012657 0.017582 0.014700 0.022506 0.014388 0.024820 0.009659 0.019048 0.000000 0.009659 0.024248 0.054138 0.129922 0.356368 0.128708 0.051370 0.019048 0.000000 

0.000000 0.001657 0.003250 0.004670 0.005736 0.006202 0.005835 0.004545 0.002486 0.000000 0.001657 0.002486 0.003378 0.005398 0.005184 0.009249 0.006989 0.014700 0.008524 0.022506 0.009249 0.032922 0.008374 0.043338 0.005200 0.041711 0.000000 0.005200 0.012427 0.025462 0.054138 0.128708 0.353601 0.123508 0.041711 0.000000 

0.000000 0.001115 0.002215 0.003250 0.004112 0.004620 0.004545 0.003700 0.002089 0.000000 0.001115 0.002089 0.002247 0.004657 0.003378 0.008374 0.004426 0.014388 0.005201 0.024820 0.005398 0.043338 0.004657 0.073899 0.002768 0.104460 0.000000 0.002768 0.006414 0.012427 0.024248 0.051370 0.123508 0.343942 0.104460 0.000000 

0.000000 0.000558 0.001115 0.001657 0.002135 0.002455 0.002486 0.002089 0.001214 0.000000 0.000558 0.001214 0.001115 0.002768 0.001657 0.005200 0.002135 0.009659 0.002455 0.019048 0.002486 0.041711 0.002089 0.104460 0.001214 0.302230 0.000000 0.001214 0.002768 0.005200 0.009659 0.019048 0.041711 0.104460 0.302230 0.000000 

