4.854606 
7.709212 
9.342952 
10.093230 
10.093230 
9.342952 
7.709212 
4.854606 
7.709212 
12.639290 
15.569367 
16.936737 
16.936737 
15.569367 
12.639290 
7.709212 
9.342952 
15.569367 
19.358491 
21.147614 
21.147614 
19.358491 
15.569367 
9.342952 
10.093230 
16.936737 
21.147614 
23.147614 
23.147614 
21.147614 
16.936737 
10.093230 
10.093230 
16.936737 
21.147614 
23.147614 
23.147614 
21.147614 
16.936737 
10.093230 
9.342952 
15.569367 
19.358491 
21.147614 
21.147614 
19.358491 
15.569367 
9.342952 
7.709212 
12.639290 
15.569367 
16.936737 
16.936737 
15.569367 
12.639290 
7.709212 
4.854606 
7.709212 
9.342952 
10.093230 
10.093230 
9.342952 
7.709212 
4.854606 
